280 290 300 300 310 300 290 280 260 270 250 260 270 000 000 000 000 000 000 000
090 220 260 270 280 280 290 290 280 280 250 240 250 000 000 000 000 000 000 000
100 120 130 180 240 270 290 290 290 280 270 260 260 000 000 000 000 000 000 000
000 000 180 180 190 220 260 280 280 300 330 360 020 050 000 000 000 000 000 000
000 000 280 180 170 150 100 050 030 030 030 020 040 050 000 000 000 000 000 000
000 000 330 170 150 100 090 070 070 060 050 010 010 300 000 000 000 000 000 000
000 000 350 210 120 030 080 050 260 240 290 320 160 150 000 000 000 000 000 000
000 000 000 000 000 000 340 310 300 250 320 310 300 340 100 100 080 090 090 000
000 000 000 000 000 000 020 360 350 010 040 280 320 330 350 080 090 090 100 000
000 000 000 000 000 000 070 100 280 300 260 360 340 320 300 290 280 270 260 000
000 000 000 000 000 000 000 000 000 270 290 300 270 280 300 290 280 280 280 290 
000 000 000 000 000 000 000 000 000 250 280 280 260 260 270 270 280 280 280 290 
000 000 000 000 000 000 000 000 000 270 260 270 260 260 250 260 270 280 280 270 
000 000 000 000 000 000 000 000 000 290 250 250 250 250 260 260 280 280 280 280 
000 000 000 000 000 000 000 000 000 290 270 260 240 240 250 260 270 280 290 290 