21 19 21 25 33 31 33 25 17 12 17 25 35 00 00 00 00 00 00 00
06 04 12 27 41 50 52 42 27 27 29 39 41 00 00 00 00 00 00 00
19 19 15 21 33 39 39 48 41 37 33 29 17 00 00 00 00 00 00 00
00 00 14 37 41 23 27 37 39 52 27 27 10 17 00 00 00 00 00 00
00 00 19 27 35 27 19 14 17 37 44 23 12 15 00 00 00 00 00 00
00 00 31 21 25 39 48 58 48 21 14 06 12 15 00 00 00 00 00 00
00 00 27 21 19 17 14 17 02 10 14 10 06 08 00 00 00 00 00 00
00 00 00 00 00 00 12 14 10 06 14 23 39 15 15 23 31 31 37 00
00 00 00 00 00 00 15 15 17 12 04 12 21 23 19 14 21 23 27 00
00 00 00 00 00 00 08 02 04 10 12 08 17 17 31 33 29 27 19 00
00 00 00 00 00 00 00 00 00 14 21 25 19 31 39 42 50 48 48 42 
00 00 00 00 00 00 00 00 00 37 42 42 56 50 48 54 62 66 58 54 
00 00 00 00 00 00 00 00 00 29 23 17 27 39 42 46 48 48 50 44 
00 00 00 00 00 00 00 00 00 41 29 33 42 52 48 66 68 69 62 50 
00 00 00 00 00 00 00 00 00 68 52 44 50 48 50 54 66 75 79 69 